HEAP:
964 1025 998 2000 1995 2981 2992 4987 
0 998 997 1995 1995 2978 2992 3003 
0 970 1012 1000 1995 3015 2992 4976 
997 0 1980 1992 1966 1990 1994 2991 
0 1024 998 1004 2023 2993 3022 4022 
0 1005 997 1990 1994 1995 2992 2991 
997 985 997 998 1995 2957 2992 4955 
0 0 998 1995 1996 3007 2991 3988 
0 974 997 998 1993 3016 2992 3029 
0 998 997 1993 1995 1993 1995 3953 
998 0 1995 999 1995 2002 2992 3032 
0 1019 997 1994 1995 2987 2993 4947 
0 976 999 998 1995 1993 2991 3990 
996 997 996 1995 996 2980 2997 4987 
0 0 997 996 1996 3007 1992 4986 
0 1029 998 1995 1994 2989 2991 4988 
997 966 997 1994 1995 1997 2994 4023 
0 998 997 998 1994 2014 2989 3989 
0 0 2030 1996 1995 2974 2992 3956 
0 1006 992 996 2999 1951 2992 3988 
1014 988 996 2001 1994 4000 2963 3988 
0 1026 1966 991 1989 2024 2992 3991 
0 969 1019 1996 2006 2999 2992 3987 
981 0 976 1987 1994 1989 1994 3992 
0 1022 1995 998 998 1993 2992 4020 
0 972 1018 1995 2000 2953 2992 3957 
999 1024 999 998 1991 2993 2992 3027 
0 0 1999 1993 1993 2991 1995 4993 
996 996 970 999 1982 3033 2992 3949 
0 997 998 1993 1995 1992 2992 2991 
0 998 997 1995 1995 2953 2992 3989 
1010 973 996 968 1994 2023 1995 3990 
0 996 1021 1995 1995 2996 2992 3990 
0 0 2001 2023 1995 1995 2992 3990 
0 998 998 1966 1995 2992 2992 2992 
1018 997 996 998 1994 1994 2992 3991 
0 1022 969 1996 1999 1995 1994 4983 
0 973 1995 1993 993 2995 2992 3989 
998 0 1022 1033 1995 1991 2994 4023 
0 997 1001 2001 1994 2993 2991 3956 
0 1028 968 990 1996 1994 2992 4000 
998 982 1026 1995 1994 2992 1995 3978 
0 992 1990 998 1994 1991 2992 2992 
0 0 996 1993 1995 1994 3989 3989 
974 1013 976 1997 1996 2992 1995 4043 
0 972 997 996 1966 2993 2992 3968 
987 997 997 1961 2032 2006 2992 2962 
0 998 1019 997 1985 1994 2992 4987 
0 0 976 1995 2007 2993 2992 3987 
999 997 1027 2029 1996 1996 2992 3992 
0 1023 1994 1999 1992 2979 2992 3989 
996 997 970 992 1996 1993 2992 4003 
0 972 1025 2001 1994 1996 1995 3978 
0 0 2000 992 1983 3004 2992 4985 
1032 997 992 1997 1994 1994 2992 4020 
0 1022 991 994 1995 2991 2992 3956 
0 973 1994 2000 1994 1995 2992 3995 
980 1022 997 958 2008 2953 2992 4981 
0 0 976 2035 1993 2035 2992 4004 
0 1003 2002 996 1956 2992 2992 6967 
1013 967 990 2000 2030 1996 2992 3994 
0 1022 997 992 1994 1995 2992 3987 
963 972 1022 1995 2985 2992 1994 2991 
0 1028 1995 1994 1967 1992 2992 3988 
0 0 997 1004 1996 2992 2992 4988 
999 967 977 994 2990 1994 2995 3990 
0 997 993 1992 1998 1996 3986 5982 
0 1023 1994 997 1993 2997 3989 3989 
997 972 1023 1995 3019 1990 2992 3991 
0 0 972 1983 1995 2994 2992 3988 
0 1023 2019 997 1994 1992 3991 3989 
1022 981 973 2001 1996 2993 2991 4987 
0 988 1003 992 1965 1994 2992 3989 
0 1022 992 1994 2024 1994 2991 3989 
972 0 1995 997 1994 2994 4013 2992 
0 984 1022 1995 1996 1993 3969 4020 
0 1011 1000 998 2026 2992 3988 3993 
1022 972 1967 1997 1969 1994 3991 3957 
0 998 1015 995 1995 1996 4993 2990 
0 0 979 1994 1994 2992 2984 4001 
999 997 998 997 1995 1994 4002 4007 
0 1028 1022 998 2997 2993 3975 3989 
971 967 1997 1994 2953 1995 5984 3962 
0 0 995 997 1997 1994 4987 4001 
0 1021 997 1995 1994 2993 2992 3979 
1022 988 998 998 1997 1993 3989 4017 
0 983 1969 1999 3027 1995 3010 3977 
0 1022 998 992 998 2994 4970 3972 
973 972 1022 1995 1996 1993 3989 3990 
0 0 1970 998 1992 2992 4004 3989 
0 1023 998 1994 2000 1994 3974 2993 
997 972 1028 998 1990 1994 2994 4017 
0 998 1988 1994 2952 2994 3991 3975 
0 0 973 1995 2024 1994 3986 3974 
997 996 997 998 2039 1994 2991 2992 
0 998 1025 997 2918 2991 2992 3989 
0 997 1992 1994 1995 2002 2993 2992 
997 0 998 998 2034 2945 3989 3989 
0 997 971 1999 1994 1994 3990 4026 
0 997 1024 992 1998 1995 2993 3954 


LINKED LIST:
0 0 0 0 0 0 0 0 
0 0 0 0 0 0 998 0 
0 0 998 0 997 0 0 997 
0 0 0 965 0 0 964 0 
0 0 0 0 0 996 0 0 
0 0 0 0 0 0 0 998 
0 0 0 0 0 0 0 0 
0 0 0 0 0 0 1038 0 
0 0 0 0 0 0 0 1007 
996 0 0 0 998 998 0 0 
0 0 0 0 0 0 1021 993 
0 0 0 0 0 0 0 0 
0 0 0 0 0 0 0 0 
0 0 0 0 0 0 0 997 
0 0 0 1028 0 0 973 0 
0 0 0 0 0 1003 0 999 
0 0 0 0 0 0 0 0 
0 0 0 0 997 0 998 962 
0 0 0 0 0 0 0 0 
0 997 0 0 0 0 0 0 
0 0 0 0 0 994 0 996 
0 0 997 0 0 0 996 0 
0 0 0 0 0 0 0 0 
0 0 0 0 0 0 0 997 
0 0 0 0 1001 995 997 0 
0 0 0 998 0 0 0 0 
0 0 0 0 0 0 0 997 
0 0 0 0 0 0 0 0 
0 0 0 0 0 0 975 998 
0 0 0 0 0 998 0 0 
0 0 0 0 0 0 981 0 
0 0 0 0 993 0 0 997 
0 0 0 0 0 0 0 0 
0 0 0 0 0 0 1036 1009 
0 0 0 0 0 997 0 0 
0 0 0 966 0 0 0 0 
0 0 0 0 0 0 0 986 
0 0 0 0 0 0 998 0 
0 0 0 0 998 0 0 997 
0 0 0 0 0 998 0 0 
0 0 0 0 0 0 997 0 
0 0 997 0 0 0 0 999 
0 0 0 997 0 0 0 0 
0 0 0 0 0 0 0 0 
0 0 0 0 0 997 999 1030 
0 0 0 0 1000 0 0 0 
0 0 0 0 0 0 0 0 
0 0 0 0 0 0 996 997 
0 0 0 0 0 0 0 0 
0 0 0 0 0 997 0 997 
0 0 0 0 0 0 0 0 
0 0 0 1031 0 0 997 999 
0 0 0 0 0 0 0 0 
0 0 0 0 994 0 0 0 
0 0 0 0 0 997 0 996 
0 0 0 0 0 0 997 0 
0 0 0 0 0 0 0 0 
0 0 0 0 0 0 0 1003 
0 0 0 0 0 0 997 0 
0 0 0 0 0 997 0 992 
0 0 998 0 997 0 0 0 
0 0 0 994 0 0 0 0 
0 997 0 0 0 965 1000 997 
0 0 0 0 0 0 0 0 
0 0 0 0 0 0 0 0 
0 0 0 0 0 0 1001 997 
0 0 0 0 0 1031 0 0 
0 0 0 0 998 0 0 998 
0 0 0 0 0 0 0 0 
0 0 0 0 0 0 992 0 
0 0 998 0 0 0 0 999 
0 0 0 967 0 996 0 0 
0 0 0 0 970 0 0 0 
0 0 0 0 0 0 998 995 
0 0 0 0 0 0 0 0 
0 0 0 0 0 0 0 0 
0 0 0 0 0 998 1001 994 
0 0 0 0 1010 0 0 970 
0 0 0 0 0 0 0 0 
0 0 0 0 0 0 0 0 
0 0 0 0 0 0 980 1031 
0 0 0 0 0 998 0 0 
0 0 0 1030 0 0 0 0 
0 0 0 0 0 0 999 994 
0 0 0 0 1012 0 0 0 
0 0 0 0 0 0 0 998 
0 0 0 0 0 998 987 0 
0 0 0 0 0 0 0 0 
0 0 0 0 0 0 982 998 
0 0 1030 0 0 0 0 0 
0 0 0 0 0 0 0 0 
0 0 0 0 0 996 0 999 
0 0 0 997 997 0 1022 0 
0 0 0 0 0 0 0 995 
0 0 0 0 0 0 0 0 
0 0 0 0 0 0 0 0 
0 0 0 0 0 998 997 997 
0 0 0 0 0 0 0 0 
0 0 0 0 0 0 0 0 
0 0 0 0 998 0 998 998 


BUILT IN:
997 0 0 0 0 998 997 997 
0 0 0 997 998 0 998 998 
0 1001 990 0 0 997 997 997 
0 0 0 1033 997 997 0 986 
0 0 0 0 997 0 997 0 
0 0 998 1025 0 998 998 999 
0 0 0 0 997 997 997 995 
0 993 0 982 0 0 997 997 
998 0 997 0 1000 997 0 997 
0 0 3993 987 0 998 998 998 
0 0 0 0 999 0 997 998 
0 997 994 961 0 997 997 969 
0 0 0 0 982 997 998 1025 
0 0 0 1029 997 0 0 998 
0 0 997 6978 970 998 997 997 
0 0 0 0 0 997 997 0 
998 1001 0 969 1028 0 1027 997 
0 0 1002 999 0 997 0 997 
0 0 0 998 994 998 997 998 
0 0 0 0 0 0 997 997 
0 994 993 998 998 997 997 1009 
0 0 0 0 997 997 997 985 
996 0 0 1030 0 0 0 998 
0 0 997 0 997 998 997 1008 
0 0 0 999 0 997 998 0 
0 993 0 0 997 1007 997 998 
0 0 997 993 0 988 998 1003 
0 0 0 0 969 0 0 995 
0 0 0 992 0 997 997 993 
0 998 1004 0 997 997 997 998 
0 0 0 1004 997 0 997 998 
997 0 0 0 0 998 0 986 
0 1994 991 0 997 997 997 1003 
0 0 0 995 0 0 998 991 
0 0 0 0 998 997 997 1009 
0 998 997 1000 0 998 0 1000 
0 0 0 0 997 0 997 0 
0 0 0 994 0 997 970 995 
0 0 998 0 997 0 997 997 
0 0 0 998 998 997 998 958 
998 999 0 0 0 998 997 998 
0 0 1000 0 997 997 0 1025 
0 0 0 1000 0 0 997 997 
0 967 0 0 997 997 998 998 
0 0 995 994 998 998 0 996 
0 0 0 0 0 0 997 998 
997 1018 968 998 997 997 997 997 
0 0 0 0 0 997 998 0 
0 0 999 964 997 1013 0 1025 
0 0 0 0 998 0 997 970 
0 1005 0 1000 0 982 997 998 
0 0 997 0 997 997 998 1000 
0 0 0 998 0 0 997 994 
0 0 1029 0 997 998 0 997 
0 0 0 996 0 997 997 998 
1031 997 0 0 998 997 998 1000 
0 0 1000 996 0 0 997 994 
0 0 0 997 997 998 0 997 
0 0 0 0 997 997 998 998 
0 1002 994 1004 0 0 997 999 
0 0 0 0 998 997 997 1000 
0 0 0 1035 0 998 0 0 
0 0 997 0 997 0 997 999 
964 1001 0 996 13964 997 998 992 
0 0 0 0 0 997 997 1010 
0 0 998 0 997 0 0 984 
0 0 0 995 0 998 997 997 
0 994 0 0 998 997 998 998 
0 0 997 997 0 0 997 1002 
997 0 0 0 997 997 997 992 
0 0 0 1002 0 998 0 998 
0 0 998 0 997 0 998 0 
0 997 0 982 997 998 997 1001 
0 0 0 0 0 996 997 993 
0 0 1000 0 998 0 0 998 
0 0 0 1008 0 998 27954 997 
0 1001 0 0 997 997 997 997 
1031 0 990 997 0 0 0 997 
0 0 0 0 997 997 998 998 
0 0 0 998 998 998 996 997 
0 0 998 0 0 0 998 998 
0 997 0 1000 997 997 0 997 
998 0 0 0 0 997 1004 997 
0 0 997 954 997 0 991 999 
0 0 0 1001 0 998 997 0 
0 994 0 0 998 997 970 1004 
0 0 1004 0 0 997 1025 989 
999 0 0 996 997 0 997 998 
0 0 0 1011 997 998 0 1004 
0 0 990 0 0 0 997 991 
0 1000 0 1024 998 997 997 997 
0 0 0 0 0 997 1010 997 
0 0 999 995 997 998 0 998 
0 0 0 0 0 0 1001 1001 
0 995 968 0 997 997 993 992 
0 0 0 1001 998 998 998 1000 
995 0 0 0 0 0 997 0 
0 0 1026 996 997 997 0 1002 
0 0 0 0 0 997 997 995 
0 1000 968 995 997 0 998 999 
